1 199.0000000000 0.0100000000 0.0000000000 0.0000000000 
2 970.7710000000 0.0487824623 249.1456323220 0.0125198810 
3 2312.6050000000 0.1162113065 646.7356043368 0.0324992766 
4 3557.4540000000 0.1787665327 784.2751056392 0.0394108093 
5 3993.7920000000 0.2006930653 583.4612804650 0.0293196623 
6 3506.5060000000 0.1762063317 420.9558810824 0.0211535619 
7 2511.7390000000 0.1262180402 536.4607338827 0.0269578258 
8 1502.7420000000 0.0755146734 571.9226511994 0.0287398317 
9 774.8980000000 0.0389395980 468.4373203739 0.0235395638 
10 350.4180000000 0.0176089447 318.4414423850 0.0160020825 
11 141.9040000000 0.0071308543 188.9836543345 0.0094966660 
12 52.2270000000 0.0026244724 102.7775593099 0.0051647015 
13 17.8000000000 0.0008944724 51.1834714312 0.0025720337 
14 5.7790000000 0.0002904020 25.0457071461 0.0012585782 
15 1.7260000000 0.0000867337 11.9406659573 0.0006000335 
16 0.4460000000 0.0000224121 5.3617004608 0.0002694322 
17 0.1270000000 0.0000063819 2.6335919970 0.0001323413 
18 0.0330000000 0.0000016583 0.8003446455 0.0000402183 
19 0.0280000000 0.0000014070 0.8245580003 0.0000414351 
20 0.0050000000 0.0000002513 0.1581138830 0.0000079454 
21 0.0000000000 0.0000000000 0.0000000000 0.0000000000 
22 0.0000000000 0.0000000000 0.0000000000 0.0000000000 
23 0.0000000000 0.0000000000 0.0000000000 0.0000000000 
24 0.0000000000 0.0000000000 0.0000000000 0.0000000000 
25 0.0000000000 0.0000000000 0.0000000000 0.0000000000 
26 0.0000000000 0.0000000000 0.0000000000 0.0000000000 
27 0.0000000000 0.0000000000 0.0000000000 0.0000000000 
28 0.0000000000 0.0000000000 0.0000000000 0.0000000000 
29 0.0000000000 0.0000000000 0.0000000000 0.0000000000 
30 0.0000000000 0.0000000000 0.0000000000 0.0000000000 
31 0.0000000000 0.0000000000 0.0000000000 0.0000000000 
32 0.0000000000 0.0000000000 0.0000000000 0.0000000000 
33 0.0000000000 0.0000000000 0.0000000000 0.0000000000 
34 0.0000000000 0.0000000000 0.0000000000 0.0000000000 
35 0.0000000000 0.0000000000 0.0000000000 0.0000000000 
36 0.0000000000 0.0000000000 0.0000000000 0.0000000000 
37 0.0000000000 0.0000000000 0.0000000000 0.0000000000 
38 0.0000000000 0.0000000000 0.0000000000 0.0000000000 
39 0.0000000000 0.0000000000 0.0000000000 0.0000000000 
40 0.0000000000 0.0000000000 0.0000000000 0.0000000000 
41 0.0000000000 0.0000000000 0.0000000000 0.0000000000 
42 0.0000000000 0.0000000000 0.0000000000 0.0000000000 
43 0.0000000000 0.0000000000 0.0000000000 0.0000000000 
44 0.0000000000 0.0000000000 0.0000000000 0.0000000000 
45 0.0000000000 0.0000000000 0.0000000000 0.0000000000 
46 0.0000000000 0.0000000000 0.0000000000 0.0000000000 
47 0.0000000000 0.0000000000 0.0000000000 0.0000000000 
48 0.0000000000 0.0000000000 0.0000000000 0.0000000000 
49 0.0000000000 0.0000000000 0.0000000000 0.0000000000 
50 0.0000000000 0.0000000000 0.0000000000 0.0000000000 
51 0.0000000000 0.0000000000 0.0000000000 0.0000000000 
52 0.0000000000 0.0000000000 0.0000000000 0.0000000000 
53 0.0000000000 0.0000000000 0.0000000000 0.0000000000 
54 0.0000000000 0.0000000000 0.0000000000 0.0000000000 
55 0.0000000000 0.0000000000 0.0000000000 0.0000000000 
56 0.0000000000 0.0000000000 0.0000000000 0.0000000000 
57 0.0000000000 0.0000000000 0.0000000000 0.0000000000 
58 0.0000000000 0.0000000000 0.0000000000 0.0000000000 
59 0.0000000000 0.0000000000 0.0000000000 0.0000000000 
60 0.0000000000 0.0000000000 0.0000000000 0.0000000000 
61 0.0000000000 0.0000000000 0.0000000000 0.0000000000 
62 0.0000000000 0.0000000000 0.0000000000 0.0000000000 
63 0.0000000000 0.0000000000 0.0000000000 0.0000000000 
64 0.0000000000 0.0000000000 0.0000000000 0.0000000000 
65 0.0000000000 0.0000000000 0.0000000000 0.0000000000 
66 0.0000000000 0.0000000000 0.0000000000 0.0000000000 
67 0.0000000000 0.0000000000 0.0000000000 0.0000000000 
68 0.0000000000 0.0000000000 0.0000000000 0.0000000000 
69 0.0000000000 0.0000000000 0.0000000000 0.0000000000 
70 0.0000000000 0.0000000000 0.0000000000 0.0000000000 
71 0.0000000000 0.0000000000 0.0000000000 0.0000000000 
72 0.0000000000 0.0000000000 0.0000000000 0.0000000000 
73 0.0000000000 0.0000000000 0.0000000000 0.0000000000 
74 0.0000000000 0.0000000000 0.0000000000 0.0000000000 
75 0.0000000000 0.0000000000 0.0000000000 0.0000000000 
76 0.0000000000 0.0000000000 0.0000000000 0.0000000000 
77 0.0000000000 0.0000000000 0.0000000000 0.0000000000 
78 0.0000000000 0.0000000000 0.0000000000 0.0000000000 
79 0.0000000000 0.0000000000 0.0000000000 0.0000000000 
80 0.0000000000 0.0000000000 0.0000000000 0.0000000000 
81 0.0000000000 0.0000000000 0.0000000000 0.0000000000 
82 0.0000000000 0.0000000000 0.0000000000 0.0000000000 
83 0.0000000000 0.0000000000 0.0000000000 0.0000000000 
84 0.0000000000 0.0000000000 0.0000000000 0.0000000000 
85 0.0000000000 0.0000000000 0.0000000000 0.0000000000 
86 0.0000000000 0.0000000000 0.0000000000 0.0000000000 
87 0.0000000000 0.0000000000 0.0000000000 0.0000000000 
88 0.0000000000 0.0000000000 0.0000000000 0.0000000000 
89 0.0000000000 0.0000000000 0.0000000000 0.0000000000 
90 0.0000000000 0.0000000000 0.0000000000 0.0000000000 
91 0.0000000000 0.0000000000 0.0000000000 0.0000000000 
92 0.0000000000 0.0000000000 0.0000000000 0.0000000000 
93 0.0000000000 0.0000000000 0.0000000000 0.0000000000 
94 0.0000000000 0.0000000000 0.0000000000 0.0000000000 
95 0.0000000000 0.0000000000 0.0000000000 0.0000000000 
96 0.0000000000 0.0000000000 0.0000000000 0.0000000000 
97 0.0000000000 0.0000000000 0.0000000000 0.0000000000 
98 0.0000000000 0.0000000000 0.0000000000 0.0000000000 
99 0.0000000000 0.0000000000 0.0000000000 0.0000000000 
100 0.0000000000 0.0000000000 0.0000000000 0.0000000000 
101 0.0000000000 0.0000000000 0.0000000000 0.0000000000 
102 0.0000000000 0.0000000000 0.0000000000 0.0000000000 
103 0.0000000000 0.0000000000 0.0000000000 0.0000000000 
104 0.0000000000 0.0000000000 0.0000000000 0.0000000000 
105 0.0000000000 0.0000000000 0.0000000000 0.0000000000 
106 0.0000000000 0.0000000000 0.0000000000 0.0000000000 
107 0.0000000000 0.0000000000 0.0000000000 0.0000000000 
108 0.0000000000 0.0000000000 0.0000000000 0.0000000000 
109 0.0000000000 0.0000000000 0.0000000000 0.0000000000 
110 0.0000000000 0.0000000000 0.0000000000 0.0000000000 
111 0.0000000000 0.0000000000 0.0000000000 0.0000000000 
112 0.0000000000 0.0000000000 0.0000000000 0.0000000000 
113 0.0000000000 0.0000000000 0.0000000000 0.0000000000 
114 0.0000000000 0.0000000000 0.0000000000 0.0000000000 
115 0.0000000000 0.0000000000 0.0000000000 0.0000000000 
116 0.0000000000 0.0000000000 0.0000000000 0.0000000000 
117 0.0000000000 0.0000000000 0.0000000000 0.0000000000 
118 0.0000000000 0.0000000000 0.0000000000 0.0000000000 
119 0.0000000000 0.0000000000 0.0000000000 0.0000000000 
120 0.0000000000 0.0000000000 0.0000000000 0.0000000000 
121 0.0000000000 0.0000000000 0.0000000000 0.0000000000 
122 0.0000000000 0.0000000000 0.0000000000 0.0000000000 
123 0.0000000000 0.0000000000 0.0000000000 0.0000000000 
124 0.0000000000 0.0000000000 0.0000000000 0.0000000000 
125 0.0000000000 0.0000000000 0.0000000000 0.0000000000 
126 0.0000000000 0.0000000000 0.0000000000 0.0000000000 
127 0.0000000000 0.0000000000 0.0000000000 0.0000000000 
128 0.0000000000 0.0000000000 0.0000000000 0.0000000000 
129 0.0000000000 0.0000000000 0.0000000000 0.0000000000 
130 0.0000000000 0.0000000000 0.0000000000 0.0000000000 
131 0.0000000000 0.0000000000 0.0000000000 0.0000000000 
132 0.0000000000 0.0000000000 0.0000000000 0.0000000000 
133 0.0000000000 0.0000000000 0.0000000000 0.0000000000 
134 0.0000000000 0.0000000000 0.0000000000 0.0000000000 
135 0.0000000000 0.0000000000 0.0000000000 0.0000000000 
136 0.0000000000 0.0000000000 0.0000000000 0.0000000000 
137 0.0000000000 0.0000000000 0.0000000000 0.0000000000 
138 0.0000000000 0.0000000000 0.0000000000 0.0000000000 
139 0.0000000000 0.0000000000 0.0000000000 0.0000000000 
140 0.0000000000 0.0000000000 0.0000000000 0.0000000000 
141 0.0000000000 0.0000000000 0.0000000000 0.0000000000 
142 0.0000000000 0.0000000000 0.0000000000 0.0000000000 
143 0.0000000000 0.0000000000 0.0000000000 0.0000000000 
144 0.0000000000 0.0000000000 0.0000000000 0.0000000000 
145 0.0000000000 0.0000000000 0.0000000000 0.0000000000 
146 0.0000000000 0.0000000000 0.0000000000 0.0000000000 
147 0.0000000000 0.0000000000 0.0000000000 0.0000000000 
148 0.0000000000 0.0000000000 0.0000000000 0.0000000000 
149 0.0000000000 0.0000000000 0.0000000000 0.0000000000 
150 0.0000000000 0.0000000000 0.0000000000 0.0000000000 
151 0.0000000000 0.0000000000 0.0000000000 0.0000000000 
152 0.0000000000 0.0000000000 0.0000000000 0.0000000000 
153 0.0000000000 0.0000000000 0.0000000000 0.0000000000 
154 0.0000000000 0.0000000000 0.0000000000 0.0000000000 
155 0.0000000000 0.0000000000 0.0000000000 0.0000000000 
156 0.0000000000 0.0000000000 0.0000000000 0.0000000000 
157 0.0000000000 0.0000000000 0.0000000000 0.0000000000 
158 0.0000000000 0.0000000000 0.0000000000 0.0000000000 
159 0.0000000000 0.0000000000 0.0000000000 0.0000000000 
160 0.0000000000 0.0000000000 0.0000000000 0.0000000000 
161 0.0000000000 0.0000000000 0.0000000000 0.0000000000 
162 0.0000000000 0.0000000000 0.0000000000 0.0000000000 
163 0.0000000000 0.0000000000 0.0000000000 0.0000000000 
164 0.0000000000 0.0000000000 0.0000000000 0.0000000000 
165 0.0000000000 0.0000000000 0.0000000000 0.0000000000 
166 0.0000000000 0.0000000000 0.0000000000 0.0000000000 
167 0.0000000000 0.0000000000 0.0000000000 0.0000000000 
168 0.0000000000 0.0000000000 0.0000000000 0.0000000000 
169 0.0000000000 0.0000000000 0.0000000000 0.0000000000 
170 0.0000000000 0.0000000000 0.0000000000 0.0000000000 
171 0.0000000000 0.0000000000 0.0000000000 0.0000000000 
172 0.0000000000 0.0000000000 0.0000000000 0.0000000000 
173 0.0000000000 0.0000000000 0.0000000000 0.0000000000 
174 0.0000000000 0.0000000000 0.0000000000 0.0000000000 
175 0.0000000000 0.0000000000 0.0000000000 0.0000000000 
176 0.0000000000 0.0000000000 0.0000000000 0.0000000000 
177 0.0000000000 0.0000000000 0.0000000000 0.0000000000 
178 0.0000000000 0.0000000000 0.0000000000 0.0000000000 
179 0.0000000000 0.0000000000 0.0000000000 0.0000000000 
180 0.0000000000 0.0000000000 0.0000000000 0.0000000000 
181 0.0000000000 0.0000000000 0.0000000000 0.0000000000 
182 0.0000000000 0.0000000000 0.0000000000 0.0000000000 
183 0.0000000000 0.0000000000 0.0000000000 0.0000000000 
184 0.0000000000 0.0000000000 0.0000000000 0.0000000000 
185 0.0000000000 0.0000000000 0.0000000000 0.0000000000 
186 0.0000000000 0.0000000000 0.0000000000 0.0000000000 
187 0.0000000000 0.0000000000 0.0000000000 0.0000000000 
188 0.0000000000 0.0000000000 0.0000000000 0.0000000000 
189 0.0000000000 0.0000000000 0.0000000000 0.0000000000 
190 0.0000000000 0.0000000000 0.0000000000 0.0000000000 
191 0.0000000000 0.0000000000 0.0000000000 0.0000000000 
192 0.0000000000 0.0000000000 0.0000000000 0.0000000000 
193 0.0000000000 0.0000000000 0.0000000000 0.0000000000 
194 0.0000000000 0.0000000000 0.0000000000 0.0000000000 
195 0.0000000000 0.0000000000 0.0000000000 0.0000000000 
196 0.0000000000 0.0000000000 0.0000000000 0.0000000000 
197 0.0000000000 0.0000000000 0.0000000000 0.0000000000 
198 0.0000000000 0.0000000000 0.0000000000 0.0000000000 
199 0.0000000000 0.0000000000 0.0000000000 0.0000000000 
