0.003779 0.290624 0.095336 0.254789 0.180999 0.079216 0.201440 
0.089876 0.057493 0.131625 0.096914 0.093840 0.097536 0.140683 0.304119 0.040412 0.543931 
0.097680 0.056524 0.535897 0.067933 0.260043 
0.009329 0.160201 0.012659 0.476213 0.054025 0.276949 0.098428 
0.084689 0.055968 0.545779 
0.221470 0.070764 0.008050 0.653879 0.278559 
0.084388 0.108476 0.088092 0.144880 0.258443 
0.044917 0.046943 0.117868 0.181490 0.067397 0.036073 
0.060814 0.060725 0.202955 0.152975 0.436321 0.098526 0.017024 0.006915 0.043449 
0.181798 0.105017 0.281412 0.073335 
0.056339 0.131452 0.002772 0.161751 0.429604 0.265982 
0.059645 0.113654 0.060717 0.014962 0.039220 0.193400 0.037124 0.039756 
0.246441 0.008085 0.946478 0.014202 
0.295963 0.054464 0.025590 0.039756 
0.060140 0.059012 0.134402 0.027063 0.111127 0.201440 
0.115458 0.289941 0.420660 0.375102 
0.138157 0.162983 0.031213 0.165348 
0.028438 
0.095126 0.244994 0.009196 0.069948 0.025322 0.341952 0.052620 0.119858 0.110233 
0.132141 0.254195 0.258501 0.110268 
0.039919 0.012241 0.088163 0.094352 
0.263999 0.173276 0.179568 0.072646 0.178988 
0.135870 0.029218 0.284683 0.045434 0.069484 0.013981 0.081185 
0.010155 0.050218 
0.483939 0.066256 0.026805 0.037053 0.153525 
0.020810 0.257549 0.131261 0.041891 0.063987 0.130308 0.337369 0.033391 
0.207707 0.543931 
0.037934 0.849148 
0.105066 0.015983 0.907571 0.272395 0.115104 0.178988 
0.236168 0.427744 0.050218 0.072646 
0.640247 0.138546 0.300572 0.078466 
0.664449 0.033391 0.375102 
0.067273 0.030007 0.428231 
0.118347 0.057269 0.794675 0.111127 
0.163952 0.109737 0.038606 0.188215 0.066705 
0.088133 0.123467 0.065328 
0.527025 0.176671 
0.197976 0.291576 0.067330 0.186553 0.110297 0.185275 0.058215 0.154543 0.082476 
0.015841 0.014202 
0.493341 0.350313 0.015879 0.092297 0.143112 0.089492 
0.055369 0.039300 0.780886 
0.013405 0.473195 0.328084 0.055202 
0.057040 0.064838 0.167054 0.031132 0.106653 0.246319 0.041727 0.215604 
0.102461 0.368655 0.128609 0.018071 0.183162 
0.059046 0.065426 0.088965 0.087664 0.015163 0.167801 0.224647 0.095506 0.065951 0.089492 0.082476 
0.025581 0.127760 0.094668 0.078661 
0.033106 0.067994 0.118006 0.078661 0.081185 0.027063 
0.019260 0.203845 0.208564 0.070290 0.036554 0.215604 0.153525 
0.350725 0.039523 0.071680 0.068617 0.340882 
0.054011 0.050477 0.310345 0.428231 
0.184353 0.050146 0.094697 0.165348 0.043449 
0.188068 0.117724 0.183953 0.142889 0.029374 0.066332 0.283056 0.303936 
0.153084 0.407362 0.560360 0.018837 0.122724 0.211588 0.104258 
0.589381 0.044429 0.073950 0.056357 0.066705 0.013981 
0.034837 0.182917 0.261401 0.126244 0.040888 0.345778 0.065537 0.092493 0.174537 
0.034766 0.226513 0.019354 0.338490 0.002225 0.268395 0.088204 0.045260 0.015432 
0.173260 0.063483 0.088446 0.606382 0.439627 
0.209853 0.057288 0.180113 0.018025 0.053612 0.115953 0.080012 
0.123103 0.016856 0.051989 0.062961 0.022921 0.086651 
0.419623 0.127780 0.284510 0.128107 0.053887 0.080012 0.849148 
0.181463 0.168191 0.145384 0.115104 0.037053 
0.303175 0.201738 
0.066856 0.500071 0.143925 0.104527 0.022347 0.640036 0.116147 0.164806 0.183162 0.098428 0.040412 
0.187100 0.192064 0.252008 0.293435 0.209784 0.036592 0.153651 0.113229 0.058597 0.260043 
0.151588 0.085720 0.391824 0.042407 0.207707 0.946478 
0.251298 0.041736 0.132668 0.301484 0.147233 
0.266129 0.003767 
0.057493 0.150684 0.091249 0.276949 

0.021039 0.139459 
0.032369 0.093379 0.552264 0.899864 
0.120585 0.110194 0.133856 
0.036586 0.312729 0.028841 0.071873 
0.244282 0.017979 0.238213 0.001518 
0.012120 
0.014419 0.465780 0.110268 
0.166493 0.050259 0.157855 
0.015728 0.167326 0.122557 0.020645 
0.091707 0.097806 0.123341 0.050977 0.174537 
0.014752 0.040635 
0.075940 0.332101 0.236667 0.129650 0.173181 
0.304992 0.151818 0.186924 0.109659 0.002020 
0.217945 0.143902 0.042590 0.105945 0.086651 
0.395612 0.067462 0.175710 0.267130 0.344835 0.493766 0.302821 0.038615 0.328055 0.016434 0.055202 0.006915 
0.040381 0.040000 0.088336 0.015362 0.037124 
0.254868 0.053256 0.104258 
0.038804 0.271606 0.063839 0.036481 
0.121702 0.070889 0.055024 0.085419 0.016434 0.017024 
0.186053 0.303936 
0.042152 0.061087 0.111611 0.054335 
0.097851 0.164581 0.064395 0.044771 0.169513 0.013919 0.065951 0.054025 
0.073671 0.596782 0.056357 0.079216 
0.078947 0.081180 0.077595 0.439057 0.180999 
0.363628 0.211584 0.015841 0.794675 0.008085 
0.221506 0.157670 0.530487 0.021619 
0.167833 0.021512 0.212423 0.272395 
0.158724 0.088545 0.133248 0.330749 0.063301 0.087624 0.143700 0.115953 0.154543 0.278559 
0.442612 0.235451 0.121234 0.020080 0.091173 0.100104 0.211588 
0.079054 0.464156 0.470456 0.076838 0.058597 0.057269 0.265982 
0.020891 0.038664 0.043795 0.173561 0.059161 0.029507 0.105152 0.047083 0.032193 0.439057 0.036073 
0.348343 0.330760 0.137756 0.009230 0.143812 0.054335 
0.440811 0.196071 0.563604 
0.121188 0.156849 0.174207 0.137285 0.041727 
0.167287 0.020502 0.023079 0.113221 0.058308 0.143700 
0.251943 0.207497 0.122724 
0.016323 0.372780 0.155984 0.048134 0.623351 0.399216 
0.008646 0.020031 0.125562 0.581462 0.216153 0.074529 0.375991 
0.249945 0.077611 0.058586 0.186283 0.320381 0.081945 
0.365774 0.215004 0.475906 0.441685 0.031706 0.399216 0.164806 
0.037761 0.145843 0.084406 0.078447 0.095506 0.058215 
0.078519 0.295839 
0.355685 0.153095 0.174087 0.110962 0.018864 0.034619 0.076838 
0.037467 0.118911 0.009462 0.071886 0.073098 0.036089 0.176839 0.118218 0.173181 0.018837 
0.008514 0.042507 0.292556 0.110495 0.040635 0.094668 0.069484 
0.165037 0.246172 0.358385 0.024735 0.545779 
0.358969 0.186288 0.103781 0.132647 0.108274 0.623351 0.328055 
0.137285 0.028438 
0.073544 0.012935 0.011889 0.088648 0.061695 0.124772 0.062869 0.096426 0.032193 
0.239809 0.205308 0.125915 0.247877 0.084851 0.118218 0.337369 
0.014754 0.030045 
0.058857 0.115867 0.265937 0.018998 0.111609 0.077181 0.096885 0.117132 0.054277 0.098236 0.145562 0.362823 0.087624 
0.235439 0.256143 0.102598 0.010003 0.515049 0.027903 0.030476 0.085419 0.003767 
0.229697 0.289823 0.108645 0.201672 0.096426 0.055024 0.038615 
0.398072 
0.510257 
0.026620 0.159071 0.030876 0.158146 0.015362 0.133856 
0.085597 0.439057 0.075026 0.004112 0.172706 0.232138 
0.252211 0.113229 
0.019892 0.149430 0.023815 0.039006 0.362823 0.174207 0.015432 
0.027300 0.116669 0.082823 0.003967 0.298284 0.020645 0.094352 
0.616092 0.021619 0.153651 0.439627 
0.470239 0.022808 0.121677 0.092493 
0.127761 0.103687 0.145562 0.063301 0.002020 0.053612 
0.045800 0.080174 0.266526 0.176358 0.350661 0.084238 0.302821 
0.203995 0.449193 0.158146 0.122557 0.088163 
0.103966 0.032019 0.011119 0.027533 0.510257 
0.058787 0.014888 0.057027 0.777809 
0.313965 0.051055 0.193400 
0.032244 0.109035 0.121226 0.154261 0.047287 0.039006 0.045260 0.246319 
0.052941 0.074226 0.098053 0.004048 0.225732 0.032064 0.357727 0.171187 0.062869 0.375991 0.047083 0.094697 
0.096701 0.088157 0.054043 0.128416 0.129650 
0.108269 0.051810 0.135978 0.024713 0.022921 
0.110318 0.543636 0.128416 
0.027144 0.225086 0.121261 0.042407 
0.181936 0.125136 0.448014 0.217861 
0.224860 0.235891 0.456813 0.465193 0.543636 0.298284 0.653879 
0.087708 0.030753 
0.021754 0.116650 0.151821 0.416390 0.027533 0.283056 0.258443 
0.041089 0.084851 0.176839 
0.025043 0.185691 0.051055 0.003967 0.143812 0.110194 
0.161805 0.089031 0.055968 
0.024497 0.031304 0.596782 
0.124747 0.217241 0.127957 0.059031 0.022848 0.232138 
0.029102 0.155625 0.378044 0.051399 0.089950 0.066332 
0.140805 0.561885 0.241450 0.045328 
0.071601 0.083516 0.082823 0.036554 
0.424958 0.391694 0.072195 0.009346 0.330749 0.062961 0.185275 
0.258549 0.125767 0.402005 0.022848 0.116147 0.144880 
0.379387 0.278028 0.034619 
0.096616 0.221366 0.497649 0.146290 0.223617 0.017777 0.374409 0.270399 0.243620 0.045328 0.171187 0.103687 0.470456 0.053887 
0.012086 0.622301 0.108274 0.058308 0.899864 
0.029833 0.109259 0.003282 0.049136 0.083253 0.126984 0.065328 
0.028084 0.045042 0.062203 0.022745 0.081945 0.018071 0.179568 
0.195166 0.220276 0.402005 0.036481 0.105945 0.050977 0.071873 
0.063617 0.239198 0.149120 0.158234 0.274594 0.146685 0.038106 0.176589 0.065537 0.029374 0.143112 0.110297 0.088092 
0.110495 0.201738 0.188215 
0.038219 0.036253 0.157568 
0.023100 0.014643 0.009230 0.106653 
0.102178 0.045045 0.329142 0.055197 0.416390 
0.325355 0.222961 0.051989 0.108476 
0.031159 0.015752 0.073234 0.019761 0.038606 0.045434 
0.142937 0.083641 0.176589 0.009346 0.398072 0.186053 0.493766 0.186553 
0.056886 0.386744 0.400788 0.108402 0.065896 0.212423 0.088204 0.110233 
0.064445 0.119925 0.008909 0.022745 0.777809 0.145384 0.606382 0.119858 
0.145505 0.076916 0.073565 0.066490 0.013919 0.328084 
0.126865 0.214627 0.065684 0.181710 0.492642 0.242521 0.120360 0.243620 0.030476 0.105152 0.157855 
0.179134 0.141885 0.086735 0.048163 0.036089 0.552264 0.284683 
0.135390 0.041361 0.293690 0.078447 0.530487 0.169513 
0.151821 0.031706 0.345778 
0.011763 0.123010 
0.026531 0.218489 0.253859 0.042815 0.320381 0.031132 
0.065073 0.299465 0.057485 0.056653 0.139459 
0.250892 0.184191 0.103850 0.038106 0.074529 0.563604 0.040888 0.560360 
0.027138 0.353116 0.072195 0.024713 0.121677 0.016856 0.224647 0.176671 
0.074275 0.144678 0.087793 0.048163 0.073098 0.207497 
0.019440 0.622301 0.196071 0.001518 
0.377847 0.371103 0.303522 0.024966 0.308527 0.066490 0.464156 0.258501 
0.227630 0.126984 0.089031 0.057027 0.640036 
0.206676 0.044170 0.327940 0.168191 
0.080383 0.692715 0.157670 0.127760 
0.110318 
0.050026 0.465193 0.098236 
0.049946 0.227500 0.059416 0.068455 0.222961 0.052620 
0.228032 0.181887 0.027903 0.303175 0.098526 
0.053256 0.078466 
0.044987 0.099018 0.125767 0.515049 0.024735 0.022347 0.167801 0.073335 0.436321 
0.257463 0.068059 0.072839 0.135165 0.181887 0.124772 
0.050194 0.308527 0.146685 0.270399 
0.034804 0.387293 0.060005 0.335631 0.084937 0.382126 0.470537 0.294678 0.211584 
0.085209 0.074373 0.024966 0.018530 0.247708 0.071886 
0.120360 0.061695 0.029507 
0.238213 
0.201757 0.149590 0.385610 0.095842 0.050026 0.374409 0.357727 0.172706 0.084406 0.216153 0.268395 0.015163 0.067330 
0.544723 0.017777 
0.292770 0.091177 0.056653 0.088336 0.300572 0.130308 
0.220019 0.088788 0.028041 0.017160 0.095842 0.201672 
0.028372 0.072979 0.088648 0.059161 
0.003389 0.170382 0.119232 0.046813 0.157568 0.292556 0.134402 
0.068138 0.638517 0.323669 0.093379 
0.277584 0.086175 0.391694 0.128609 0.304119 
0.155532 0.294678 0.065896 0.274594 0.217861 0.042590 
0.090173 0.184711 0.132647 0.441685 0.128107 0.067397 
0.075364 0.297635 0.170393 0.447071 0.018864 0.079054 0.050259 0.031213 
0.145605 0.040000 0.120585 0.063987 0.025590 0.039220 
0.014011 0.200335 0.185683 0.073705 0.223617 0.241450 0.004112 0.310345 
0.364492 0.053952 0.091177 0.057485 0.030876 0.040381 0.041891 0.054464 0.014962 
0.521479 0.030668 0.339608 0.032035 0.327940 0.063839 0.143902 0.341952 
0.055261 0.116669 0.111611 0.070290 
0.147295 
0.045057 0.024531 
0.171659 0.108402 0.083641 0.271606 0.236667 0.147233 0.123103 0.429604 
0.204117 0.021489 0.016780 0.062203 
0.024979 0.064182 0.045854 0.161047 0.161751 
0.012389 0.063579 0.073705 0.242521 0.400788 0.075026 0.054277 0.173561 0.109659 0.266129 0.092297 
0.611553 0.145293 0.088446 
0.126383 
0.048071 0.016071 0.188642 0.465780 0.291576 0.181490 
0.063714 0.054043 0.009462 0.067933 
0.072197 0.041882 0.284510 0.152975 
0.184172 0.035609 0.158064 0.106440 0.016780 0.086175 0.156849 0.026805 
0.251877 0.110962 0.100104 0.036592 0.254789 
0.145547 0.046813 0.055197 0.048134 0.118006 
0.084238 0.254868 0.780886 
0.516169 0.997046 0.019440 0.220276 0.017979 
0.343164 0.090144 0.037041 0.173340 0.050194 0.103781 0.113221 0.142889 
0.224193 0.039300 
0.156027 0.160443 0.122015 0.045042 0.340882 0.066256 0.173276 
0.407938 0.567233 0.098389 0.301484 0.167054 
0.680788 0.595844 0.250247 0.034396 0.147295 0.072979 0.032064 
0.185691 0.456813 0.407362 0.208564 0.060717 
0.071702 0.261827 0.034396 0.184711 0.108645 0.010003 
0.014584 0.113003 0.004794 0.323669 0.470537 0.449193 0.068617 0.476213 
0.182869 0.032035 0.028841 0.055369 
0.329142 0.118911 0.483939 
0.302465 0.544723 0.068455 0.350661 0.217945 0.132668 0.104527 0.140683 
0.045294 0.142454 0.161132 0.121261 
0.412881 0.361547 0.135978 0.145843 0.143925 0.427744 
0.381105 0.039790 0.535948 0.448014 
0.499618 0.292770 0.385610 0.088157 0.037467 0.138546 
0.120275 0.340815 0.293690 0.492642 0.186288 0.008050 
0.489014 0.159071 0.012241 0.420660 0.535897 
0.128999 0.098724 0.039415 0.227630 0.225732 0.030045 
0.103112 0.145605 0.692715 0.236168 0.131261 0.113654 
0.039415 0.382126 0.014754 
0.101309 0.327924 0.031304 0.004048 0.043795 0.186924 0.500071 
0.013056 0.135591 0.135165 0.116650 0.221506 
0.176813 0.386744 
0.188642 0.014888 
0.519325 0.096701 0.247877 0.091173 0.391824 0.209784 0.002772 0.056524 
0.201399 0.210557 0.013099 0.161132 0.119232 0.109737 
0.143136 0.012604 0.072744 
0.245667 0.232513 0.260881 0.099018 0.044771 0.041736 0.087664 
0.059416 0.142937 0.047287 0.002225 0.025322 
0.122559 0.250247 0.173340 0.016071 0.289823 0.018025 
0.646443 0.013099 0.045045 0.085720 
0.540916 0.058590 0.017730 0.340815 0.185683 0.098053 
0.409199 0.228032 0.036253 0.118347 0.162983 
0.012086 0.084689 
0.056113 0.189321 0.145463 0.042815 0.137756 0.181463 
0.066782 0.061903 0.053288 0.447071 0.084937 0.123010 0.089950 0.161805 0.117132 
0.009100 0.170371 0.061818 0.080383 0.019761 0.155984 0.059012 
0.073565 0.059031 0.176358 0.186283 0.064395 0.344835 0.050477 0.664449 0.012659 0.097536 
0.010309 0.033292 0.145352 0.489014 0.004794 0.021512 
0.108938 0.072744 0.176813 0.113003 0.353116 0.071680 
0.138022 0.210557 0.145547 0.225086 0.077595 0.267130 
0.142454 0.027144 0.293435 
0.020915 0.102262 0.053288 0.037041 0.103850 0.051399 
0.049679 0.035300 0.535948 0.014643 0.061087 
0.130491 0.183524 0.087793 0.251298 
0.030412 0.247022 0.083253 0.146290 
0.181222 0.202665 0.093754 0.044865 0.017160 0.072839 0.127957 0.096885 0.037761 0.281412 
0.046888 0.023129 0.090173 0.074226 0.011889 0.038664 0.063483 
0.093308 0.199830 0.099076 0.008909 0.028084 0.058586 
0.070764 
0.012604 0.339608 0.030753 
0.122015 0.299465 0.010155 0.295963 
0.070013 0.330036 0.144678 0.119925 0.325355 0.263999 
0.039790 
0.115392 0.053952 0.065073 0.026620 0.059645 
0.049224 0.165274 0.183524 0.278028 
0.070740 0.581462 
0.071324 0.497649 0.440811 0.123341 
0.098454 0.023352 0.224193 0.027138 0.051810 0.154261 0.363628 0.183953 
0.070740 0.145352 0.424958 0.087708 0.012120 
0.078492 0.238566 0.194163 0.256666 0.023129 0.102598 0.012935 0.020891 0.151818 
0.224563 0.076567 0.044865 0.028041 0.158234 0.229697 0.077181 0.338490 0.015879 0.160201 
0.048561 0.073234 0.042507 0.252008 0.095336 
0.021390 0.021927 0.093754 0.335631 0.021754 0.011119 0.256143 0.174087 0.372780 
0.059101 0.349028 0.137480 0.260881 0.041882 0.063579 0.181710 0.217241 0.127761 0.111609 0.180113 
0.646443 0.103112 0.021039 
0.188129 0.143735 0.099076 0.595844 0.160443 0.266526 0.473195 0.093840 
0.143623 0.098724 0.127780 
0.035300 0.145463 0.106440 0.055261 0.227500 0.023100 0.083516 0.125136 0.358385 0.475906 
0.170259 0.202665 0.327924 0.060005 0.133248 
0.218179 0.022008 0.052718 0.349257 0.042171 0.061818 0.161047 0.067994 0.029218 
0.565897 0.170371 0.997046 0.138157 
0.007740 0.896431 0.253859 0.056886 0.181936 0.167833 
0.089773 0.156900 0.049946 0.121226 0.069948 
0.019449 0.768393 0.137480 0.065684 0.378044 0.050146 0.117868 
0.061804 0.043539 0.256666 0.090144 0.295839 0.023079 
0.116016 0.289300 0.098389 0.158064 0.044170 0.023815 0.312729 0.019354 0.350313 0.009196 
0.072816 0.768393 0.387293 
0.170393 0.038219 0.153095 
0.497033 0.054964 0.050169 0.051080 0.215004 0.330760 
0.086009 0.201399 0.045294 0.561885 0.166493 
0.274419 0.321093 0.041089 0.125915 0.368655 0.290624 
0.143735 0.035609 0.021489 0.247708 0.218489 0.203995 0.203845 
0.045860 0.334742 0.349028 0.128999 0.049136 0.221470 
0.131580 0.102871 0.101002 0.638517 0.155625 
0.115392 0.039919 
0.023333 0.033292 0.189321 0.039523 
0.016340 0.021927 0.135591 0.068059 0.032019 
0.038453 0.064014 0.059101 0.145293 0.184353 
0.023352 0.126244 
0.252434 0.165274 0.232513 0.258549 0.439057 0.020080 
0.567233 0.063714 0.086735 0.131452 
0.188129 0.297635 0.009329 0.096914 
0.324025 0.194163 0.261827 
0.227684 0.024966 0.076916 0.124747 0.088965 0.254195 
0.041231 0.101002 0.244282 
0.068930 0.065576 0.037934 
0.049224 0.080174 0.121234 0.164581 0.054011 
0.064838 0.244994 
0.103297 0.130558 0.364488 0.048561 0.251877 0.024531 0.379387 0.008514 0.235451 
0.048795 0.025581 0.030007 
0.045800 0.192064 
0.247022 0.028372 0.024497 0.052941 0.073544 0.175710 0.907571 
0.896431 0.151588 0.067273 0.135870 
0.121390 0.204117 0.071601 0.257549 
0.064014 0.334742 0.088788 0.214627 0.235439 
0.019236 0.042967 0.023968 0.221366 
0.142511 0.017730 0.122559 0.101309 0.096616 0.140805 0.202955 0.046943 
0.364488 0.289300 0.251943 0.091249 0.105017 
0.324025 0.102871 0.098454 0.108269 0.022808 0.097806 0.117724 0.350725 
0.046843 0.042171 0.081180 0.073671 0.073950 
0.038453 0.046888 0.058590 0.072197 0.303522 0.044917 
0.081683 0.027202 0.078947 0.187100 0.289941 
0.456052 0.045854 0.045057 0.014752 0.003779 
0.043539 0.238566 0.048071 0.371103 0.011763 0.020502 0.057288 0.173260 0.123467 
0.121390 0.032369 0.015983 
0.152166 0.205308 0.348343 
0.061331 0.389560 0.076567 0.041361 0.018998 0.355685 0.125562 
0.023333 0.108938 0.010309 0.143136 0.014584 
0.443731 0.061804 0.102262 0.184191 0.149120 0.088545 
0.018530 0.074275 
0.349257 0.013056 0.075364 0.126865 0.358969 0.070889 0.067462 0.304992 0.332101 0.013405 0.060725 
0.233365 0.389560 0.343164 0.030668 0.155532 0.038804 0.036586 0.261401 
0.023968 0.045860 0.003282 0.209853 
0.161828 0.030412 0.109259 
0.052232 0.143623 0.058787 0.078519 0.246441 
0.098151 0.027202 0.321093 0.540916 0.141885 0.153084 0.056339 0.097680 
0.076680 0.076854 0.206676 0.026531 0.057040 0.640247 0.105066 
0.516169 0.064445 0.235891 0.102461 
0.007740 0.381105 0.182869 0.171659 0.149430 
0.156900 0.149590 0.239198 0.616092 0.265937 0.182917 0.197976 0.131625 
0.041167 0.081683 0.274419 0.330036 0.130491 0.409199 0.126383 0.064182 0.239809 
0.016340 0.021390 
0.161828 0.042967 0.527025 
0.048795 0.130558 0.052718 0.009100 0.170382 0.015752 0.044429 0.033106 0.060140 
0.121702 
0.067572 0.565897 0.061903 0.201757 0.034804 0.257463 0.029102 0.115867 0.020031 0.158724 0.395612 
0.019449 0.224563 0.078492 0.181222 0.060814 
0.070456 0.051080 0.199830 0.364492 0.024966 
0.066153 0.070013 0.156027 0.057493 
0.076854 0.049679 0.042152 0.167326 
0.052232 0.019236 0.029833 0.470239 0.088133 
0.071702 0.589381 
0.041167 0.098151 0.024979 
0.493341 0.115458 
0.371543 0.152166 0.020810 
0.131580 0.120275 
0.004960 0.015521 0.070456 0.065576 0.680788 0.179134 0.313965 0.246172 
0.209106 0.103828 0.116016 0.093308 0.145505 0.109035 0.089876 
0.126107 0.121188 0.095126 
0.015521 0.371543 0.050169 0.302465 0.074373 0.377847 0.181798 
0.103828 0.066153 0.252434 0.521479 0.044987 0.077611 0.075940 0.150684 0.066856 
0.209106 0.250892 0.103966 0.249945 0.065426 
0.004960 0.068930 0.054964 0.407938 0.085209 0.057493 
0.046843 0.103297 0.022008 0.138022 0.031159 0.252211 
0.233365 0.170259 0.245667 0.519325 0.135390 0.195166 0.365774 0.419623 0.226513 0.034837 0.132141 0.084388 
0.020915 0.066782 0.220019 0.063617 0.008646 0.167287 
0.068138 0.025043 0.027300 0.015728 0.019260 
0.126107 0.089773 0.184172 0.611553 0.224860 0.032244 0.019892 0.442612 0.034766 
0.456052 0.200335 0.165037 0.097851 0.188068 0.059046 
0.041231 0.071324 0.361547 0.091707 0.014419 
0.076680 0.056113 0.277584 
0.067572 0.061331 0.227684 0.014011 
0.142511 0.497033 0.012389 0.085597 0.058857 
0.443731 0.072816 0.412881 
0.086009 0.218179 0.499618 0.003389 0.102178 0.016323 0.163952 
